1,4471,6,0,7,0,0,7,0,2,0,2008,190116,0,10,12/1/2016 12:46:22 PM,0
1,3,6,0,7,0,0,7,0,2,0,2008,60349,0,10,12/1/2016 12:46:22 PM,0
1,3010,6,0,7,0,0,7,0,2,0,2008,207,0,10,12/1/2016 12:46:22 PM,0
1,3011,6,0,7,0,0,7,0,2,0,2008,5620,0,10,12/1/2016 12:46:22 PM,0
1,3012,6,0,7,0,0,7,0,2,0,2008,22715,0,10,12/1/2016 12:46:22 PM,0
1,3013,6,0,7,0,0,7,0,2,0,2008,31807,0,10,12/1/2016 12:46:22 PM,0
1,4,6,0,7,0,0,7,0,2,0,2008,129767,0,10,12/1/2016 12:46:22 PM,0
1,3014,6,0,7,0,0,7,0,2,0,2008,352,0,10,12/1/2016 12:46:22 PM,0
1,3015,6,0,7,0,0,7,0,2,0,2008,7815,0,10,12/1/2016 12:46:22 PM,0
1,3016,6,0,7,0,0,7,0,2,0,2008,40174,0,10,12/1/2016 12:46:22 PM,0
1,3017,6,0,7,0,0,7,0,2,0,2008,81426,0,10,12/1/2016 12:46:22 PM,0
1,4472,6,0,7,0,0,7,0,2,0,2008,190736,0,10,12/1/2016 12:46:22 PM,0
1,4473,6,0,7,0,0,7,0,2,0,2008,60439,0,10,12/1/2016 12:46:22 PM,0
1,3018,6,0,7,0,0,7,0,2,0,2008,9759,0,10,12/1/2016 12:46:22 PM,0
1,3019,6,0,7,0,0,7,0,2,0,2008,35114,0,10,12/1/2016 12:46:22 PM,0
1,3020,6,0,7,0,0,7,0,2,0,2008,13253,0,10,12/1/2016 12:46:22 PM,0
1,3021,6,0,7,0,0,7,0,2,0,2008,1495,0,10,12/1/2016 12:46:22 PM,0
1,3022,6,0,7,0,0,7,0,2,0,2008,818,0,10,12/1/2016 12:46:22 PM,0
1,4474,6,0,7,0,0,7,0,2,0,2008,130297,0,10,12/1/2016 12:46:22 PM,0
1,3023,6,0,7,0,0,7,0,2,0,2008,13762,0,10,12/1/2016 12:46:22 PM,0
1,3024,6,0,7,0,0,7,0,2,0,2008,90801,0,10,12/1/2016 12:46:22 PM,0
1,3025,6,0,7,0,0,7,0,2,0,2008,22568,0,10,12/1/2016 12:46:22 PM,0
1,3026,6,0,7,0,0,7,0,2,0,2008,1875,0,10,12/1/2016 12:46:22 PM,0
1,3027,6,0,7,0,0,7,0,2,0,2008,1291,0,10,12/1/2016 12:46:22 PM,0
1,5,6,0,7,0,0,7,0,2,0,2008,57289,0,10,12/1/2016 12:46:22 PM,0
1,3028,6,0,7,0,0,7,0,2,0,2008,42813,0,10,12/1/2016 12:46:22 PM,0
1,3030,6,0,7,0,0,7,0,2,0,2008,612,0,10,12/1/2016 12:46:22 PM,0
1,3029,6,0,7,0,0,7,0,2,0,2008,13484,0,10,12/1/2016 12:46:22 PM,0
1,7,6,0,7,0,0,7,0,2,0,2008,36229,0,10,12/1/2016 12:46:22 PM,0
1,3031,6,0,7,0,0,7,0,2,0,2008,14806,0,10,12/1/2016 12:46:22 PM,0
1,3032,6,0,7,0,0,7,0,2,0,2008,11346,0,10,12/1/2016 12:46:22 PM,0
1,3033,6,0,7,0,0,7,0,2,0,2008,11035,0,10,12/1/2016 12:46:22 PM,0
1,3040,6,0,7,0,0,7,0,2,0,2008,7,0,10,12/1/2016 12:46:22 PM,0
1,3041,6,0,7,0,0,7,0,2,0,2008,5,0,10,12/1/2016 12:46:22 PM,0
1,3042,6,0,7,0,0,7,0,2,0,2008,0,0,10,12/1/2016 12:46:22 PM,0
1,4475,6,0,7,0,0,7,0,2,0,2008,12,0,10,12/1/2016 12:46:22 PM,0
1,14,6,0,7,0,0,7,0,2,0,2008,1140,0,10,12/1/2016 12:46:22 PM,0
1,6,6,0,7,0,0,7,0,2,0,2008,2678,0,10,12/1/2016 12:46:22 PM,0
1,4476,6,0,7,0,0,7,0,2,0,2008,1658,0,10,12/1/2016 12:46:22 PM,0
1,3034,6,0,7,0,0,7,0,2,0,2008,168,0,10,12/1/2016 12:46:22 PM,0
1,3036,6,0,7,0,0,7,0,2,0,2008,1490,0,10,12/1/2016 12:46:22 PM,0
1,4477,6,0,7,0,0,7,0,2,0,2008,1237,0,10,12/1/2016 12:46:22 PM,0
1,3037,6,0,7,0,0,7,0,2,0,2008,62,0,10,12/1/2016 12:46:22 PM,0
1,3039,6,0,7,0,0,7,0,2,0,2008,1175,0,10,12/1/2016 12:46:22 PM,0
1,15,6,0,7,0,0,7,0,2,0,2008,14,0,10,12/1/2016 12:46:22 PM,0
1,9,6,0,7,0,0,7,0,2,0,2008,299,0,10,12/1/2016 12:46:22 PM,0
1,8,6,0,7,0,0,7,0,2,0,2008,37908,0,10,12/1/2016 12:46:22 PM,0
1,3043,6,0,7,0,0,7,0,2,0,2008,1143,0,10,12/1/2016 12:46:22 PM,0
1,3044,6,0,7,0,0,7,0,2,0,2008,37997,0,10,12/1/2016 12:46:22 PM,0
1,3045,6,0,7,0,0,7,0,2,0,2008,9598,0,10,12/1/2016 12:46:22 PM,0
1,3501,6,0,7,0,0,7,0,2,0,2008,971,0,10,12/1/2016 12:46:22 PM,0
1,3502,6,0,7,0,0,7,0,2,0,2008,60,0,10,12/1/2016 12:46:22 PM,0
1,4535,6,0,7,0,0,7,0,2,0,2008,61,0,10,12/1/2016 12:46:22 PM,0
1,3046,6,0,7,0,0,7,0,2,0,2008,48,0,10,12/1/2016 12:46:22 PM,0
1,3047,6,0,7,0,0,7,0,2,0,2008,10,0,10,12/1/2016 12:46:22 PM,0
1,3048,6,0,7,0,0,7,0,2,0,2008,3,0,10,12/1/2016 12:46:22 PM,0
1,3503,6,0,7,0,0,7,0,2,0,2008,2,0,10,12/1/2016 12:46:22 PM,0
1,3504,6,0,7,0,0,7,0,2,0,2008,5,0,10,12/1/2016 12:46:22 PM,0
1,3049,6,0,7,0,0,7,0,2,0,2008,106,0,10,12/1/2016 12:46:22 PM,0
1,3050,6,0,7,0,0,7,0,2,0,2008,47,0,10,12/1/2016 12:46:22 PM,0
1,3051,6,0,7,0,0,7,0,2,0,2008,23,0,10,12/1/2016 12:46:22 PM,0
1,3052,6,0,7,0,0,7,0,2,0,2008,60,0,10,12/1/2016 12:46:22 PM,0
1,3053,6,0,7,0,0,7,0,2,0,2008,76,0,10,12/1/2016 12:46:22 PM,0
1,3054,6,0,7,0,0,7,0,2,0,2008,1,0,10,12/1/2016 12:46:22 PM,0
1,3055,6,0,7,0,0,7,0,2,0,2008,100,0,10,12/1/2016 12:46:22 PM,0
1,3000,6,0,7,0,0,7,0,2,0,2008,50544,0,10,12/1/2016 12:46:22 PM,0
1,23,6,0,7,0,0,7,0,2,0,2008,49672,0,10,12/1/2016 12:46:22 PM,0
1,24,6,0,7,0,0,7,0,2,0,2008,47178,0,10,12/1/2016 12:46:22 PM,0
1,3001,6,0,7,0,0,7,0,2,0,2008,49108,0,10,12/1/2016 12:46:22 PM,0
1,3003,6,0,7,0,0,7,0,2,0,2008,46859,0,10,12/1/2016 12:46:22 PM,0
1,3004,6,0,7,0,0,7,0,2,0,2008,49070,0,10,12/1/2016 12:46:22 PM,0
1,3005,6,0,7,0,0,7,0,2,0,2008,45625,0,10,12/1/2016 12:46:22 PM,0
1,25,6,0,7,0,0,7,0,2,0,2008,44625,0,10,12/1/2016 12:46:22 PM,0
1,26,6,0,7,0,0,7,0,2,0,2008,43542,0,10,12/1/2016 12:46:22 PM,0
1,27,6,0,7,0,0,7,0,2,0,2008,49647,0,10,12/1/2016 12:46:22 PM,0
1,3056,6,0,7,0,0,7,0,2,0,2008,48152,0,10,12/1/2016 12:46:22 PM,0
1,4417,6,0,7,0,0,7,0,2,0,2008,45012,0,10,12/1/2016 12:46:22 PM,0
1,28,6,0,7,0,0,7,0,2,0,2008,50955,0,10,12/1/2016 12:46:22 PM,0
1,1645,6,0,7,0,0,7,0,2,0,2008,82975,0,10,12/1/2016 12:46:22 PM,0
1,29,6,0,7,0,0,7,0,2,0,2008,132276,0,10,12/1/2016 12:46:22 PM,0
1,1646,6,0,7,0,0,7,0,2,0,2008,133639,0,10,12/1/2016 12:46:22 PM,0
1,3006,6,0,7,0,0,7,0,2,0,2008,129631,0,10,12/1/2016 12:46:22 PM,0
1,3007,6,0,7,0,0,7,0,2,0,2008,132978,0,10,12/1/2016 12:46:22 PM,0
1,3008,6,0,7,0,0,7,0,2,0,2008,94268,0,10,12/1/2016 12:46:22 PM,0
1,3009,6,0,7,0,0,7,0,2,0,2008,100729,0,10,12/1/2016 12:46:22 PM,0
1,30,6,0,7,0,0,7,0,2,0,2008,130362,0,10,12/1/2016 12:46:22 PM,0
1,1647,6,0,7,0,0,7,0,2,0,2008,148005,0,10,12/1/2016 12:46:22 PM,0
1,31,6,0,7,0,0,7,0,2,0,2008,45030,0,10,12/1/2016 12:46:22 PM,0
1,1648,6,0,7,0,0,7,0,2,0,2008,60347,0,10,12/1/2016 12:46:22 PM,0
1,32,6,0,7,0,0,7,0,2,0,2008,97469,0,10,12/1/2016 12:46:22 PM,0
1,1649,6,0,7,0,0,7,0,2,0,2008,111407,0,10,12/1/2016 12:46:22 PM,0
1,4482,6,0,7,0,0,7,0,2,0,2008,57,0,10,12/1/2016 12:46:22 PM,0
1,16,6,0,7,0,0,7,0,2,0,2008,35,0,10,12/1/2016 12:46:22 PM,0
1,3968,6,0,7,0,0,7,0,2,0,2008,22,0,10,12/1/2016 12:46:22 PM,0
1,3057,6,0,7,0,0,7,0,2,0,2008,8,0,10,12/1/2016 12:46:22 PM,0
1,3500,6,0,7,0,0,7,0,2,0,2008,19870,0,10,12/1/2016 12:46:22 PM,0
1,4418,6,0,7,0,0,7,0,2,0,2008,52,0,10,12/1/2016 12:46:22 PM,0
1,19,6,0,7,0,0,7,0,2,0,2008,6027,0,10,12/1/2016 12:46:22 PM,0
1,18,6,0,7,0,0,7,0,2,0,2008,43006,0,10,12/1/2016 12:46:22 PM,0
1,4483,6,0,7,0,0,7,0,2,0,2008,608646,0,10,12/1/2016 12:46:22 PM,0
1,3058,6,0,7,0,0,7,0,2,0,2008,373363,0,10,12/1/2016 12:46:22 PM,0
1,3059,6,0,7,0,0,7,0,2,0,2008,235283,0,10,12/1/2016 12:46:22 PM,0
1,4484,6,0,7,0,0,7,0,2,0,2008,21005,0,10,12/1/2016 12:46:22 PM,0
1,3060,6,0,7,0,0,7,0,2,0,2008,10664,0,10,12/1/2016 12:46:22 PM,0
1,3061,6,0,7,0,0,7,0,2,0,2008,10341,0,10,12/1/2016 12:46:22 PM,0
1,4485,6,0,7,0,0,7,0,2,0,2008,6117,0,10,12/1/2016 12:46:22 PM,0
1,3062,6,0,7,0,0,7,0,2,0,2008,2618,0,10,12/1/2016 12:46:22 PM,0
1,3063,6,0,7,0,0,7,0,2,0,2008,3499,0,10,12/1/2016 12:46:22 PM,0
1,3064,6,0,7,0,0,7,0,2,0,2008,435092,0,10,12/1/2016 12:46:22 PM,0
1,3065,6,0,7,0,0,7,0,2,0,2008,5337,0,10,12/1/2016 12:46:22 PM,0
1,3067,6,0,7,0,0,7,0,2,0,2008,770,0,10,12/1/2016 12:46:22 PM,0
1,3068,6,0,7,0,0,7,0,2,0,2008,30,0,10,12/1/2016 12:46:22 PM,0
1,3069,6,0,7,0,0,7,0,2,0,2008,182,0,10,12/1/2016 12:46:22 PM,0
1,3070,6,0,7,0,0,7,0,2,0,2008,11,0,10,12/1/2016 12:46:22 PM,0
1,4423,6,0,7,0,0,7,0,2,0,2008,565,0,10,12/1/2016 12:46:22 PM,0
1,1836,6,0,7,0,0,7,0,2,0,2008,80570,0,10,12/1/2016 12:46:22 PM,0
1,4536,6,0,7,0,0,7,0,2,0,2008,0,0,10,12/1/2016 12:46:22 PM,0
1,4487,6,0,7,0,0,7,0,2,0,2008,47411,0,10,12/1/2016 12:46:22 PM,0
1,3612,6,0,7,0,0,7,0,2,0,2008,4593,0,10,12/1/2016 12:46:22 PM,0
1,3613,6,0,7,0,0,7,0,2,0,2008,5229,0,10,12/1/2016 12:46:22 PM,0
1,3614,6,0,7,0,0,7,0,2,0,2008,7892,0,10,12/1/2016 12:46:22 PM,0
1,3615,6,0,7,0,0,7,0,2,0,2008,7520,0,10,12/1/2016 12:46:22 PM,0
1,3616,6,0,7,0,0,7,0,2,0,2008,9602,0,10,12/1/2016 12:46:22 PM,0
1,3617,6,0,7,0,0,7,0,2,0,2008,8058,0,10,12/1/2016 12:46:22 PM,0
1,3618,6,0,7,0,0,7,0,2,0,2008,2687,0,10,12/1/2016 12:46:22 PM,0
1,3619,6,0,7,0,0,7,0,2,0,2008,1830,0,10,12/1/2016 12:46:22 PM,0
1,4488,6,0,7,0,0,7,0,2,0,2008,129,0,10,12/1/2016 12:46:22 PM,0
1,3629,6,0,7,0,0,7,0,2,0,2008,4,0,10,12/1/2016 12:46:22 PM,0
1,3630,6,0,7,0,0,7,0,2,0,2008,6,0,10,12/1/2016 12:46:22 PM,0
1,3631,6,0,7,0,0,7,0,2,0,2008,5,0,10,12/1/2016 12:46:22 PM,0
1,3632,6,0,7,0,0,7,0,2,0,2008,12,0,10,12/1/2016 12:46:22 PM,0
1,3633,6,0,7,0,0,7,0,2,0,2008,45,0,10,12/1/2016 12:46:22 PM,0
1,3634,6,0,7,0,0,7,0,2,0,2008,51,0,10,12/1/2016 12:46:22 PM,0
1,3635,6,0,7,0,0,7,0,2,0,2008,4,0,10,12/1/2016 12:46:22 PM,0
1,3636,6,0,7,0,0,7,0,2,0,2008,2,0,10,12/1/2016 12:46:22 PM,0
1,4489,6,0,7,0,0,7,0,2,0,2008,141490,0,10,12/1/2016 12:46:22 PM,0
1,3639,6,0,7,0,0,7,0,2,0,2008,1068,0,10,12/1/2016 12:46:22 PM,0
1,3640,6,0,7,0,0,7,0,2,0,2008,1023,0,10,12/1/2016 12:46:22 PM,0
1,3641,6,0,7,0,0,7,0,2,0,2008,4021,0,10,12/1/2016 12:46:22 PM,0
1,3642,6,0,7,0,0,7,0,2,0,2008,3821,0,10,12/1/2016 12:46:22 PM,0
1,3643,6,0,7,0,0,7,0,2,0,2008,3428,0,10,12/1/2016 12:46:22 PM,0
1,3644,6,0,7,0,0,7,0,2,0,2008,3149,0,10,12/1/2016 12:46:22 PM,0
1,3645,6,0,7,0,0,7,0,2,0,2008,5606,0,10,12/1/2016 12:46:22 PM,0
1,3646,6,0,7,0,0,7,0,2,0,2008,5422,0,10,12/1/2016 12:46:22 PM,0
1,3647,6,0,7,0,0,7,0,2,0,2008,8851,0,10,12/1/2016 12:46:22 PM,0
1,3648,6,0,7,0,0,7,0,2,0,2008,10972,0,10,12/1/2016 12:46:22 PM,0
1,3649,6,0,7,0,0,7,0,2,0,2008,13459,0,10,12/1/2016 12:46:22 PM,0
1,3650,6,0,7,0,0,7,0,2,0,2008,19544,0,10,12/1/2016 12:46:22 PM,0
1,3651,6,0,7,0,0,7,0,2,0,2008,18854,0,10,12/1/2016 12:46:22 PM,0
1,3652,6,0,7,0,0,7,0,2,0,2008,29574,0,10,12/1/2016 12:46:22 PM,0
1,3653,6,0,7,0,0,7,0,2,0,2008,6747,0,10,12/1/2016 12:46:22 PM,0
1,3654,6,0,7,0,0,7,0,2,0,2008,5951,0,10,12/1/2016 12:46:22 PM,0
1,4490,6,0,7,0,0,7,0,2,0,2008,207,0,10,12/1/2016 12:46:22 PM,0
1,3656,6,0,7,0,0,7,0,2,0,2008,0,0,10,12/1/2016 12:46:22 PM,0
1,3657,6,0,7,0,0,7,0,2,0,2008,0,0,10,12/1/2016 12:46:22 PM,0
1,3658,6,0,7,0,0,7,0,2,0,2008,3,0,10,12/1/2016 12:46:22 PM,0
1,3659,6,0,7,0,0,7,0,2,0,2008,1,0,10,12/1/2016 12:46:22 PM,0
1,3660,6,0,7,0,0,7,0,2,0,2008,2,0,10,12/1/2016 12:46:22 PM,0
1,3661,6,0,7,0,0,7,0,2,0,2008,0,0,10,12/1/2016 12:46:22 PM,0
1,3662,6,0,7,0,0,7,0,2,0,2008,1,0,10,12/1/2016 12:46:22 PM,0
1,3663,6,0,7,0,0,7,0,2,0,2008,1,0,10,12/1/2016 12:46:22 PM,0
1,3664,6,0,7,0,0,7,0,2,0,2008,3,0,10,12/1/2016 12:46:22 PM,0
1,3665,6,0,7,0,0,7,0,2,0,2008,14,0,10,12/1/2016 12:46:22 PM,0
1,3666,6,0,7,0,0,7,0,2,0,2008,13,0,10,12/1/2016 12:46:22 PM,0
1,3667,6,0,7,0,0,7,0,2,0,2008,33,0,10,12/1/2016 12:46:22 PM,0
1,3668,6,0,7,0,0,7,0,2,0,2008,45,0,10,12/1/2016 12:46:22 PM,0
1,3669,6,0,7,0,0,7,0,2,0,2008,86,0,10,12/1/2016 12:46:22 PM,0
1,3670,6,0,7,0,0,7,0,2,0,2008,5,0,10,12/1/2016 12:46:22 PM,0
1,3671,6,0,7,0,0,7,0,2,0,2008,0,0,10,12/1/2016 12:46:22 PM,0
1,4491,6,0,7,0,0,7,0,2,0,2008,336,0,10,12/1/2016 12:46:22 PM,0
1,3675,6,0,7,0,0,7,0,2,0,2008,0,0,10,12/1/2016 12:46:22 PM,0
1,3676,6,0,7,0,0,7,0,2,0,2008,1,0,10,12/1/2016 12:46:22 PM,0
1,3677,6,0,7,0,0,7,0,2,0,2008,3,0,10,12/1/2016 12:46:22 PM,0
1,3678,6,0,7,0,0,7,0,2,0,2008,3,0,10,12/1/2016 12:46:22 PM,0
1,3679,6,0,7,0,0,7,0,2,0,2008,2,0,10,12/1/2016 12:46:22 PM,0
1,3680,6,0,7,0,0,7,0,2,0,2008,5,0,10,12/1/2016 12:46:22 PM,0
1,3681,6,0,7,0,0,7,0,2,0,2008,3,0,10,12/1/2016 12:46:22 PM,0
1,3682,6,0,7,0,0,7,0,2,0,2008,0,0,10,12/1/2016 12:46:22 PM,0
1,3683,6,0,7,0,0,7,0,2,0,2008,5,0,10,12/1/2016 12:46:22 PM,0
1,3684,6,0,7,0,0,7,0,2,0,2008,15,0,10,12/1/2016 12:46:22 PM,0
1,3685,6,0,7,0,0,7,0,2,0,2008,19,0,10,12/1/2016 12:46:22 PM,0
1,3686,6,0,7,0,0,7,0,2,0,2008,27,0,10,12/1/2016 12:46:22 PM,0
1,3687,6,0,7,0,0,7,0,2,0,2008,90,0,10,12/1/2016 12:46:22 PM,0
1,3688,6,0,7,0,0,7,0,2,0,2008,151,0,10,12/1/2016 12:46:22 PM,0
1,3689,6,0,7,0,0,7,0,2,0,2008,10,0,10,12/1/2016 12:46:22 PM,0
1,3690,6,0,7,0,0,7,0,2,0,2008,2,0,10,12/1/2016 12:46:22 PM,0
1,3692,6,0,7,0,0,7,0,2,0,2008,14393,0,10,12/1/2016 12:46:22 PM,0
1,4492,6,0,7,0,0,7,0,2,0,2008,46231,0,10,12/1/2016 12:46:22 PM,0
1,3695,6,0,7,0,0,7,0,2,0,2008,57,0,10,12/1/2016 12:46:22 PM,0
1,3696,6,0,7,0,0,7,0,2,0,2008,67,0,10,12/1/2016 12:46:22 PM,0
1,3697,6,0,7,0,0,7,0,2,0,2008,570,0,10,12/1/2016 12:46:22 PM,0
1,3698,6,0,7,0,0,7,0,2,0,2008,502,0,10,12/1/2016 12:46:22 PM,0
1,3699,6,0,7,0,0,7,0,2,0,2008,664,0,10,12/1/2016 12:46:22 PM,0
1,3700,6,0,7,0,0,7,0,2,0,2008,649,0,10,12/1/2016 12:46:22 PM,0
1,3701,6,0,7,0,0,7,0,2,0,2008,448,0,10,12/1/2016 12:46:22 PM,0
1,3702,6,0,7,0,0,7,0,2,0,2008,368,0,10,12/1/2016 12:46:22 PM,0
1,3703,6,0,7,0,0,7,0,2,0,2008,332,0,10,12/1/2016 12:46:22 PM,0
1,3704,6,0,7,0,0,7,0,2,0,2008,765,0,10,12/1/2016 12:46:22 PM,0
1,3705,6,0,7,0,0,7,0,2,0,2008,121,0,10,12/1/2016 12:46:22 PM,0
1,3706,6,0,7,0,0,7,0,2,0,2008,909,0,10,12/1/2016 12:46:22 PM,0
1,3707,6,0,7,0,0,7,0,2,0,2008,3347,0,10,12/1/2016 12:46:22 PM,0
1,3708,6,0,7,0,0,7,0,2,0,2008,521,0,10,12/1/2016 12:46:22 PM,0
1,3709,6,0,7,0,0,7,0,2,0,2008,15024,0,10,12/1/2016 12:46:22 PM,0
1,3710,6,0,7,0,0,7,0,2,0,2008,18130,0,10,12/1/2016 12:46:22 PM,0
1,3711,6,0,7,0,0,7,0,2,0,2008,1358,0,10,12/1/2016 12:46:22 PM,0
1,3712,6,0,7,0,0,7,0,2,0,2008,1416,0,10,12/1/2016 12:46:22 PM,0
1,3713,6,0,7,0,0,7,0,2,0,2008,983,0,10,12/1/2016 12:46:22 PM,0
1,4493,6,0,7,0,0,7,0,2,0,2008,31165,0,10,12/1/2016 12:46:22 PM,0
1,4494,6,0,7,0,0,7,0,2,0,2008,28861,0,10,12/1/2016 12:46:22 PM,0
1,3716,6,0,7,0,0,7,0,2,0,2008,28453,0,10,12/1/2016 12:46:22 PM,0
1,3717,6,0,7,0,0,7,0,2,0,2008,10,0,10,12/1/2016 12:46:22 PM,0
1,3718,6,0,7,0,0,7,0,2,0,2008,0,0,10,12/1/2016 12:46:22 PM,0
1,3719,6,0,7,0,0,7,0,2,0,2008,0,0,10,12/1/2016 12:46:22 PM,0
1,3720,6,0,7,0,0,7,0,2,0,2008,0,0,10,12/1/2016 12:46:22 PM,0
1,3721,6,0,7,0,0,7,0,2,0,2008,0,0,10,12/1/2016 12:46:22 PM,0
1,3722,6,0,7,0,0,7,0,2,0,2008,0,0,10,12/1/2016 12:46:22 PM,0
1,3723,6,0,7,0,0,7,0,2,0,2008,1,0,10,12/1/2016 12:46:22 PM,0
1,3724,6,0,7,0,0,7,0,2,0,2008,11,0,10,12/1/2016 12:46:22 PM,0
1,3725,6,0,7,0,0,7,0,2,0,2008,2797,0,10,12/1/2016 12:46:22 PM,0
1,3726,6,0,7,0,0,7,0,2,0,2008,4789,0,10,12/1/2016 12:46:22 PM,0
1,3727,6,0,7,0,0,7,0,2,0,2008,1426,0,10,12/1/2016 12:46:22 PM,0
1,3728,6,0,7,0,0,7,0,2,0,2008,1575,0,10,12/1/2016 12:46:22 PM,0
1,3729,6,0,7,0,0,7,0,2,0,2008,5591,0,10,12/1/2016 12:46:22 PM,0
1,3730,6,0,7,0,0,7,0,2,0,2008,9410,0,10,12/1/2016 12:46:22 PM,0
1,3731,6,0,7,0,0,7,0,2,0,2008,938,0,10,12/1/2016 12:46:22 PM,0
1,3732,6,0,7,0,0,7,0,2,0,2008,1877,0,10,12/1/2016 12:46:22 PM,0
1,3733,6,0,7,0,0,7,0,2,0,2008,10,0,10,12/1/2016 12:46:22 PM,0
1,3734,6,0,7,0,0,7,0,2,0,2008,5,0,10,12/1/2016 12:46:22 PM,0
1,3735,6,0,7,0,0,7,0,2,0,2008,3,0,10,12/1/2016 12:46:22 PM,0
1,3736,6,0,7,0,0,7,0,2,0,2008,3,0,10,12/1/2016 12:46:22 PM,0
1,4424,6,0,7,0,0,7,0,2,0,2008,2,0,10,12/1/2016 12:46:22 PM,0
1,4425,6,0,7,0,0,7,0,2,0,2008,5,0,10,12/1/2016 12:46:22 PM,0
1,4495,6,0,7,0,0,7,0,2,0,2008,408,0,10,12/1/2016 12:46:22 PM,0
1,3738,6,0,7,0,0,7,0,2,0,2008,1,0,10,12/1/2016 12:46:22 PM,0
1,3739,6,0,7,0,0,7,0,2,0,2008,3,0,10,12/1/2016 12:46:22 PM,0
1,3740,6,0,7,0,0,7,0,2,0,2008,0,0,10,12/1/2016 12:46:22 PM,0
1,3741,6,0,7,0,0,7,0,2,0,2008,3,0,10,12/1/2016 12:46:22 PM,0
1,3742,6,0,7,0,0,7,0,2,0,2008,1,0,10,12/1/2016 12:46:22 PM,0
1,3743,6,0,7,0,0,7,0,2,0,2008,0,0,10,12/1/2016 12:46:22 PM,0
1,3744,6,0,7,0,0,7,0,2,0,2008,0,0,10,12/1/2016 12:46:22 PM,0
1,3745,6,0,7,0,0,7,0,2,0,2008,0,0,10,12/1/2016 12:46:22 PM,0
1,3746,6,0,7,0,0,7,0,2,0,2008,21,0,10,12/1/2016 12:46:22 PM,0
1,3747,6,0,7,0,0,7,0,2,0,2008,12,0,10,12/1/2016 12:46:22 PM,0
1,3748,6,0,7,0,0,7,0,2,0,2008,9,0,10,12/1/2016 12:46:22 PM,0
1,3749,6,0,7,0,0,7,0,2,0,2008,12,0,10,12/1/2016 12:46:22 PM,0
1,3750,6,0,7,0,0,7,0,2,0,2008,71,0,10,12/1/2016 12:46:22 PM,0
1,3751,6,0,7,0,0,7,0,2,0,2008,62,0,10,12/1/2016 12:46:22 PM,0
1,3752,6,0,7,0,0,7,0,2,0,2008,36,0,10,12/1/2016 12:46:22 PM,0
1,3753,6,0,7,0,0,7,0,2,0,2008,26,0,10,12/1/2016 12:46:22 PM,0
1,3754,6,0,7,0,0,7,0,2,0,2008,9,0,10,12/1/2016 12:46:22 PM,0
1,3755,6,0,7,0,0,7,0,2,0,2008,5,0,10,12/1/2016 12:46:22 PM,0
1,4426,6,0,7,0,0,7,0,2,0,2008,68,0,10,12/1/2016 12:46:22 PM,0
1,4427,6,0,7,0,0,7,0,2,0,2008,69,0,10,12/1/2016 12:46:22 PM,0
1,4496,6,0,7,0,0,7,0,2,0,2008,2304,0,10,12/1/2016 12:46:22 PM,0
1,4497,6,0,7,0,0,7,0,2,0,2008,43,0,10,12/1/2016 12:46:22 PM,0
1,3757,6,0,7,0,0,7,0,2,0,2008,39,0,10,12/1/2016 12:46:22 PM,0
1,3758,6,0,7,0,0,7,0,2,0,2008,1,0,10,12/1/2016 12:46:22 PM,0
1,3759,6,0,7,0,0,7,0,2,0,2008,0,0,10,12/1/2016 12:46:22 PM,0
1,3760,6,0,7,0,0,7,0,2,0,2008,0,0,10,12/1/2016 12:46:22 PM,0
1,3761,6,0,7,0,0,7,0,2,0,2008,0,0,10,12/1/2016 12:46:22 PM,0
1,3762,6,0,7,0,0,7,0,2,0,2008,18,0,10,12/1/2016 12:46:22 PM,0
1,3763,6,0,7,0,0,7,0,2,0,2008,14,0,10,12/1/2016 12:46:22 PM,0
1,3764,6,0,7,0,0,7,0,2,0,2008,0,0,10,12/1/2016 12:46:22 PM,0
1,3765,6,0,7,0,0,7,0,2,0,2008,2,0,10,12/1/2016 12:46:22 PM,0
1,3766,6,0,7,0,0,7,0,2,0,2008,0,0,10,12/1/2016 12:46:22 PM,0
1,3767,6,0,7,0,0,7,0,2,0,2008,1,0,10,12/1/2016 12:46:22 PM,0
1,3768,6,0,7,0,0,7,0,2,0,2008,2,0,10,12/1/2016 12:46:22 PM,0
1,3769,6,0,7,0,0,7,0,2,0,2008,1,0,10,12/1/2016 12:46:22 PM,0
1,3770,6,0,7,0,0,7,0,2,0,2008,0,0,10,12/1/2016 12:46:22 PM,0
1,3771,6,0,7,0,0,7,0,2,0,2008,0,0,10,12/1/2016 12:46:22 PM,0
1,4428,6,0,7,0,0,7,0,2,0,2008,0,0,10,12/1/2016 12:46:22 PM,0
1,4429,6,0,7,0,0,7,0,2,0,2008,0,0,10,12/1/2016 12:46:22 PM,0
1,4498,6,0,7,0,0,7,0,2,0,2008,4,0,10,12/1/2016 12:46:22 PM,0
1,3773,6,0,7,0,0,7,0,2,0,2008,0,0,10,12/1/2016 12:46:22 PM,0
1,3774,6,0,7,0,0,7,0,2,0,2008,0,0,10,12/1/2016 12:46:22 PM,0
1,3775,6,0,7,0,0,7,0,2,0,2008,0,0,10,12/1/2016 12:46:22 PM,0
1,3776,6,0,7,0,0,7,0,2,0,2008,0,0,10,12/1/2016 12:46:22 PM,0
1,3777,6,0,7,0,0,7,0,2,0,2008,0,0,10,12/1/2016 12:46:22 PM,0
1,3778,6,0,7,0,0,7,0,2,0,2008,0,0,10,12/1/2016 12:46:22 PM,0
1,3779,6,0,7,0,0,7,0,2,0,2008,0,0,10,12/1/2016 12:46:22 PM,0
1,3780,6,0,7,0,0,7,0,2,0,2008,0,0,10,12/1/2016 12:46:22 PM,0
1,3781,6,0,7,0,0,7,0,2,0,2008,0,0,10,12/1/2016 12:46:22 PM,0
1,3782,6,0,7,0,0,7,0,2,0,2008,0,0,10,12/1/2016 12:46:22 PM,0
1,3783,6,0,7,0,0,7,0,2,0,2008,0,0,10,12/1/2016 12:46:22 PM,0
1,3784,6,0,7,0,0,7,0,2,0,2008,0,0,10,12/1/2016 12:46:22 PM,0
1,3785,6,0,7,0,0,7,0,2,0,2008,0,0,10,12/1/2016 12:46:22 PM,0
1,3786,6,0,7,0,0,7,0,2,0,2008,0,0,10,12/1/2016 12:46:22 PM,0
1,3787,6,0,7,0,0,7,0,2,0,2008,0,0,10,12/1/2016 12:46:22 PM,0
1,3788,6,0,7,0,0,7,0,2,0,2008,1,0,10,12/1/2016 12:46:22 PM,0
1,3789,6,0,7,0,0,7,0,2,0,2008,0,0,10,12/1/2016 12:46:22 PM,0
1,3790,6,0,7,0,0,7,0,2,0,2008,0,0,10,12/1/2016 12:46:22 PM,0
1,3791,6,0,7,0,0,7,0,2,0,2008,0,0,10,12/1/2016 12:46:22 PM,0
1,3792,6,0,7,0,0,7,0,2,0,2008,0,0,10,12/1/2016 12:46:22 PM,0
1,4430,6,0,7,0,0,7,0,2,0,2008,2,0,10,12/1/2016 12:46:22 PM,0
1,4431,6,0,7,0,0,7,0,2,0,2008,1,0,10,12/1/2016 12:46:22 PM,0
1,4499,6,0,7,0,0,7,0,2,0,2008,571,0,10,12/1/2016 12:46:22 PM,0
1,4500,6,0,7,0,0,7,0,2,0,2008,541,0,10,12/1/2016 12:46:22 PM,0
1,3795,6,0,7,0,0,7,0,2,0,2008,0,0,10,12/1/2016 12:46:22 PM,0
1,3796,6,0,7,0,0,7,0,2,0,2008,0,0,10,12/1/2016 12:46:22 PM,0
1,3797,6,0,7,0,0,7,0,2,0,2008,0,0,10,12/1/2016 12:46:22 PM,0
1,3798,6,0,7,0,0,7,0,2,0,2008,2,0,10,12/1/2016 12:46:22 PM,0
1,3799,6,0,7,0,0,7,0,2,0,2008,224,0,10,12/1/2016 12:46:22 PM,0
1,3800,6,0,7,0,0,7,0,2,0,2008,201,0,10,12/1/2016 12:46:22 PM,0
1,3801,6,0,7,0,0,7,0,2,0,2008,33,0,10,12/1/2016 12:46:22 PM,0
1,3802,6,0,7,0,0,7,0,2,0,2008,26,0,10,12/1/2016 12:46:22 PM,0
1,3803,6,0,7,0,0,7,0,2,0,2008,22,0,10,12/1/2016 12:46:22 PM,0
1,3804,6,0,7,0,0,7,0,2,0,2008,5,0,10,12/1/2016 12:46:22 PM,0
1,3805,6,0,7,0,0,7,0,2,0,2008,0,0,10,12/1/2016 12:46:22 PM,0
1,3806,6,0,7,0,0,7,0,2,0,2008,5,0,10,12/1/2016 12:46:22 PM,0
1,3807,6,0,7,0,0,7,0,2,0,2008,1,0,10,12/1/2016 12:46:22 PM,0
1,3808,6,0,7,0,0,7,0,2,0,2008,2,0,10,12/1/2016 12:46:22 PM,0
1,4432,6,0,7,0,0,7,0,2,0,2008,11,0,10,12/1/2016 12:46:22 PM,0
1,4433,6,0,7,0,0,7,0,2,0,2008,9,0,10,12/1/2016 12:46:22 PM,0
1,4501,6,0,7,0,0,7,0,2,0,2008,30,0,10,12/1/2016 12:46:22 PM,0
1,3810,6,0,7,0,0,7,0,2,0,2008,0,0,10,12/1/2016 12:46:22 PM,0
1,3811,6,0,7,0,0,7,0,2,0,2008,1,0,10,12/1/2016 12:46:22 PM,0
1,3812,6,0,7,0,0,7,0,2,0,2008,0,0,10,12/1/2016 12:46:22 PM,0
1,3813,6,0,7,0,0,7,0,2,0,2008,0,0,10,12/1/2016 12:46:22 PM,0
1,3814,6,0,7,0,0,7,0,2,0,2008,0,0,10,12/1/2016 12:46:22 PM,0
1,3815,6,0,7,0,0,7,0,2,0,2008,0,0,10,12/1/2016 12:46:22 PM,0
1,3816,6,0,7,0,0,7,0,2,0,2008,0,0,10,12/1/2016 12:46:22 PM,0
1,3817,6,0,7,0,0,7,0,2,0,2008,0,0,10,12/1/2016 12:46:22 PM,0
1,3818,6,0,7,0,0,7,0,2,0,2008,0,0,10,12/1/2016 12:46:22 PM,0
1,3819,6,0,7,0,0,7,0,2,0,2008,0,0,10,12/1/2016 12:46:22 PM,0
1,3820,6,0,7,0,0,7,0,2,0,2008,0,0,10,12/1/2016 12:46:22 PM,0
1,3821,6,0,7,0,0,7,0,2,0,2008,0,0,10,12/1/2016 12:46:22 PM,0
1,3822,6,0,7,0,0,7,0,2,0,2008,0,0,10,12/1/2016 12:46:22 PM,0
1,3823,6,0,7,0,0,7,0,2,0,2008,0,0,10,12/1/2016 12:46:22 PM,0
1,3824,6,0,7,0,0,7,0,2,0,2008,7,0,10,12/1/2016 12:46:22 PM,0
1,3825,6,0,7,0,0,7,0,2,0,2008,12,0,10,12/1/2016 12:46:22 PM,0
1,3826,6,0,7,0,0,7,0,2,0,2008,0,0,10,12/1/2016 12:46:22 PM,0
1,3827,6,0,7,0,0,7,0,2,0,2008,0,0,10,12/1/2016 12:46:22 PM,0
1,3828,6,0,7,0,0,7,0,2,0,2008,0,0,10,12/1/2016 12:46:22 PM,0
1,3829,6,0,7,0,0,7,0,2,0,2008,0,0,10,12/1/2016 12:46:22 PM,0
1,4434,6,0,7,0,0,7,0,2,0,2008,4,0,10,12/1/2016 12:46:22 PM,0
1,4435,6,0,7,0,0,7,0,2,0,2008,6,0,10,12/1/2016 12:46:22 PM,0
1,3830,6,0,7,0,0,7,0,2,0,2008,1690,0,10,12/1/2016 12:46:22 PM,0
1,3831,6,0,7,0,0,7,0,2,0,2008,1622,0,10,12/1/2016 12:46:22 PM,0
1,3832,6,0,7,0,0,7,0,2,0,2008,66,0,10,12/1/2016 12:46:22 PM,0
1,3833,6,0,7,0,0,7,0,2,0,2008,9,0,10,12/1/2016 12:46:22 PM,0
1,3834,6,0,7,0,0,7,0,2,0,2008,0,0,10,12/1/2016 12:46:22 PM,0
1,3835,6,0,7,0,0,7,0,2,0,2008,0,0,10,12/1/2016 12:46:22 PM,0
1,3836,6,0,7,0,0,7,0,2,0,2008,432,0,10,12/1/2016 12:46:22 PM,0
1,3837,6,0,7,0,0,7,0,2,0,2008,456,0,10,12/1/2016 12:46:22 PM,0
1,3838,6,0,7,0,0,7,0,2,0,2008,138,0,10,12/1/2016 12:46:22 PM,0
1,3839,6,0,7,0,0,7,0,2,0,2008,113,0,10,12/1/2016 12:46:22 PM,0
1,3840,6,0,7,0,0,7,0,2,0,2008,70,0,10,12/1/2016 12:46:22 PM,0
1,3841,6,0,7,0,0,7,0,2,0,2008,57,0,10,12/1/2016 12:46:22 PM,0
1,3842,6,0,7,0,0,7,0,2,0,2008,5,0,10,12/1/2016 12:46:22 PM,0
1,3843,6,0,7,0,0,7,0,2,0,2008,8,0,10,12/1/2016 12:46:22 PM,0
1,3844,6,0,7,0,0,7,0,2,0,2008,6,0,10,12/1/2016 12:46:22 PM,0
1,3845,6,0,7,0,0,7,0,2,0,2008,4,0,10,12/1/2016 12:46:22 PM,0
1,4436,6,0,7,0,0,7,0,2,0,2008,140,0,10,12/1/2016 12:46:22 PM,0
1,4437,6,0,7,0,0,7,0,2,0,2008,118,0,10,12/1/2016 12:46:22 PM,0
1,4502,6,0,7,0,0,7,0,2,0,2008,68,0,10,12/1/2016 12:46:22 PM,0
1,3847,6,0,7,0,0,7,0,2,0,2008,4,0,10,12/1/2016 12:46:22 PM,0
1,3848,6,0,7,0,0,7,0,2,0,2008,0,0,10,12/1/2016 12:46:22 PM,0
1,3849,6,0,7,0,0,7,0,2,0,2008,0,0,10,12/1/2016 12:46:22 PM,0
1,3850,6,0,7,0,0,7,0,2,0,2008,2,0,10,12/1/2016 12:46:22 PM,0
1,3851,6,0,7,0,0,7,0,2,0,2008,0,0,10,12/1/2016 12:46:22 PM,0
1,3852,6,0,7,0,0,7,0,2,0,2008,0,0,10,12/1/2016 12:46:22 PM,0
1,3853,6,0,7,0,0,7,0,2,0,2008,0,0,10,12/1/2016 12:46:22 PM,0
1,3854,6,0,7,0,0,7,0,2,0,2008,0,0,10,12/1/2016 12:46:22 PM,0
1,3855,6,0,7,0,0,7,0,2,0,2008,3,0,10,12/1/2016 12:46:22 PM,0
1,3856,6,0,7,0,0,7,0,2,0,2008,0,0,10,12/1/2016 12:46:22 PM,0
1,3857,6,0,7,0,0,7,0,2,0,2008,0,0,10,12/1/2016 12:46:22 PM,0
1,3858,6,0,7,0,0,7,0,2,0,2008,0,0,10,12/1/2016 12:46:22 PM,0
1,3859,6,0,7,0,0,7,0,2,0,2008,0,0,10,12/1/2016 12:46:22 PM,0
1,3860,6,0,7,0,0,7,0,2,0,2008,0,0,10,12/1/2016 12:46:22 PM,0
1,3861,6,0,7,0,0,7,0,2,0,2008,11,0,10,12/1/2016 12:46:22 PM,0
1,3862,6,0,7,0,0,7,0,2,0,2008,15,0,10,12/1/2016 12:46:22 PM,0
1,3863,6,0,7,0,0,7,0,2,0,2008,2,0,10,12/1/2016 12:46:22 PM,0
1,3864,6,0,7,0,0,7,0,2,0,2008,1,0,10,12/1/2016 12:46:22 PM,0
1,3865,6,0,7,0,0,7,0,2,0,2008,1,0,10,12/1/2016 12:46:22 PM,0
1,3866,6,0,7,0,0,7,0,2,0,2008,0,0,10,12/1/2016 12:46:22 PM,0
1,4438,6,0,7,0,0,7,0,2,0,2008,15,0,10,12/1/2016 12:46:22 PM,0
1,4439,6,0,7,0,0,7,0,2,0,2008,14,0,10,12/1/2016 12:46:22 PM,0
1,4503,6,0,7,0,0,7,0,2,0,2008,378,0,10,12/1/2016 12:46:22 PM,0
1,3868,6,0,7,0,0,7,0,2,0,2008,2,0,10,12/1/2016 12:46:22 PM,0
1,3869,6,0,7,0,0,7,0,2,0,2008,1,0,10,12/1/2016 12:46:22 PM,0
1,3870,6,0,7,0,0,7,0,2,0,2008,3,0,10,12/1/2016 12:46:22 PM,0
1,3871,6,0,7,0,0,7,0,2,0,2008,3,0,10,12/1/2016 12:46:22 PM,0
1,3872,6,0,7,0,0,7,0,2,0,2008,5,0,10,12/1/2016 12:46:22 PM,0
1,3873,6,0,7,0,0,7,0,2,0,2008,7,0,10,12/1/2016 12:46:22 PM,0
1,3874,6,0,7,0,0,7,0,2,0,2008,1,0,10,12/1/2016 12:46:22 PM,0
1,3875,6,0,7,0,0,7,0,2,0,2008,3,0,10,12/1/2016 12:46:22 PM,0
1,3876,6,0,7,0,0,7,0,2,0,2008,1,0,10,12/1/2016 12:46:22 PM,0
1,3877,6,0,7,0,0,7,0,2,0,2008,12,0,10,12/1/2016 12:46:22 PM,0
1,3878,6,0,7,0,0,7,0,2,0,2008,2,0,10,12/1/2016 12:46:22 PM,0
1,3879,6,0,7,0,0,7,0,2,0,2008,7,0,10,12/1/2016 12:46:22 PM,0
1,3880,6,0,7,0,0,7,0,2,0,2008,29,0,10,12/1/2016 12:46:22 PM,0
1,3881,6,0,7,0,0,7,0,2,0,2008,31,0,10,12/1/2016 12:46:22 PM,0
1,3882,6,0,7,0,0,7,0,2,0,2008,98,0,10,12/1/2016 12:46:22 PM,0
1,3883,6,0,7,0,0,7,0,2,0,2008,120,0,10,12/1/2016 12:46:22 PM,0
1,3884,6,0,7,0,0,7,0,2,0,2008,41,0,10,12/1/2016 12:46:22 PM,0
1,3885,6,0,7,0,0,7,0,2,0,2008,9,0,10,12/1/2016 12:46:22 PM,0
1,3886,6,0,7,0,0,7,0,2,0,2008,3,0,10,12/1/2016 12:46:22 PM,0
1,3889,6,0,7,0,0,7,0,2,0,2008,335,0,10,12/1/2016 12:46:22 PM,0
1,3890,6,0,7,0,0,7,0,2,0,2008,398,0,10,12/1/2016 12:46:22 PM,0
1,3892,6,0,7,0,0,7,0,2,0,2008,13,0,10,12/1/2016 12:46:22 PM,0
1,3893,6,0,7,0,0,7,0,2,0,2008,0,0,10,12/1/2016 12:46:22 PM,0
1,4504,6,0,7,0,0,7,0,2,0,2008,872,0,10,12/1/2016 12:46:22 PM,0
1,4505,6,0,7,0,0,7,0,2,0,2008,802,0,10,12/1/2016 12:46:22 PM,0
1,3897,6,0,7,0,0,7,0,2,0,2008,2,0,10,12/1/2016 12:46:22 PM,0
1,3898,6,0,7,0,0,7,0,2,0,2008,0,0,10,12/1/2016 12:46:22 PM,0
1,3899,6,0,7,0,0,7,0,2,0,2008,3,0,10,12/1/2016 12:46:22 PM,0
1,3900,6,0,7,0,0,7,0,2,0,2008,2,0,10,12/1/2016 12:46:22 PM,0
1,3901,6,0,7,0,0,7,0,2,0,2008,48,0,10,12/1/2016 12:46:22 PM,0
1,3902,6,0,7,0,0,7,0,2,0,2008,52,0,10,12/1/2016 12:46:22 PM,0
1,3903,6,0,7,0,0,7,0,2,0,2008,26,0,10,12/1/2016 12:46:22 PM,0
1,3904,6,0,7,0,0,7,0,2,0,2008,16,0,10,12/1/2016 12:46:22 PM,0
1,3905,6,0,7,0,0,7,0,2,0,2008,2,0,10,12/1/2016 12:46:22 PM,0
1,3906,6,0,7,0,0,7,0,2,0,2008,260,0,10,12/1/2016 12:46:22 PM,0
1,3907,6,0,7,0,0,7,0,2,0,2008,382,0,10,12/1/2016 12:46:22 PM,0
1,3908,6,0,7,0,0,7,0,2,0,2008,9,0,10,12/1/2016 12:46:22 PM,0
1,4506,6,0,7,0,0,7,0,2,0,2008,70,0,10,12/1/2016 12:46:22 PM,0
1,3910,6,0,7,0,0,7,0,2,0,2008,0,0,10,12/1/2016 12:46:22 PM,0
1,3911,6,0,7,0,0,7,0,2,0,2008,1,0,10,12/1/2016 12:46:22 PM,0
1,3912,6,0,7,0,0,7,0,2,0,2008,3,0,10,12/1/2016 12:46:22 PM,0
1,3913,6,0,7,0,0,7,0,2,0,2008,2,0,10,12/1/2016 12:46:22 PM,0
1,3914,6,0,7,0,0,7,0,2,0,2008,6,0,10,12/1/2016 12:46:22 PM,0
1,3915,6,0,7,0,0,7,0,2,0,2008,6,0,10,12/1/2016 12:46:22 PM,0
1,3916,6,0,7,0,0,7,0,2,0,2008,1,0,10,12/1/2016 12:46:22 PM,0
1,3917,6,0,7,0,0,7,0,2,0,2008,0,0,10,12/1/2016 12:46:22 PM,0
1,3918,6,0,7,0,0,7,0,2,0,2008,2,0,10,12/1/2016 12:46:22 PM,0
1,3919,6,0,7,0,0,7,0,2,0,2008,19,0,10,12/1/2016 12:46:22 PM,0
1,3920,6,0,7,0,0,7,0,2,0,2008,28,0,10,12/1/2016 12:46:22 PM,0
1,3921,6,0,7,0,0,7,0,2,0,2008,2,0,10,12/1/2016 12:46:22 PM,0
1,3922,6,0,7,0,0,7,0,2,0,2008,962,0,10,12/1/2016 12:46:22 PM,0
1,4557,6,0,7,0,0,7,0,2,0,2008,0,0,10,12/1/2016 12:46:22 PM,0
1,4558,6,0,7,0,0,7,0,2,0,2008,1,0,10,12/1/2016 12:46:22 PM,0
1,4559,6,0,7,0,0,7,0,2,0,2008,7,0,10,12/1/2016 12:46:22 PM,0
1,4560,6,0,7,0,0,7,0,2,0,2008,12,0,10,12/1/2016 12:46:22 PM,0
1,4561,6,0,7,0,0,7,0,2,0,2008,49,0,10,12/1/2016 12:46:22 PM,0
1,4562,6,0,7,0,0,7,0,2,0,2008,52,0,10,12/1/2016 12:46:22 PM,0
1,4563,6,0,7,0,0,7,0,2,0,2008,24,0,10,12/1/2016 12:46:22 PM,0
1,4564,6,0,7,0,0,7,0,2,0,2008,15,0,10,12/1/2016 12:46:22 PM,0
1,4565,6,0,7,0,0,7,0,2,0,2008,0,0,10,12/1/2016 12:46:22 PM,0
1,4566,6,0,7,0,0,7,0,2,0,2008,349,0,10,12/1/2016 12:46:22 PM,0
1,4567,6,0,7,0,0,7,0,2,0,2008,443,0,10,12/1/2016 12:46:22 PM,0
1,4568,6,0,7,0,0,7,0,2,0,2008,10,0,10,12/1/2016 12:46:22 PM,0
1,4507,6,0,7,0,0,7,0,2,0,2008,0,0,10,12/1/2016 12:46:22 PM,0
1,4508,6,0,7,0,0,7,0,2,0,2008,30957,0,10,12/1/2016 12:46:22 PM,0
1,3925,6,0,7,0,0,7,0,2,0,2008,2033,0,10,12/1/2016 12:46:22 PM,0
1,3926,6,0,7,0,0,7,0,2,0,2008,23,0,10,12/1/2016 12:46:22 PM,0
1,3927,6,0,7,0,0,7,0,2,0,2008,309,0,10,12/1/2016 12:46:22 PM,0
1,3928,6,0,7,0,0,7,0,2,0,2008,276,0,10,12/1/2016 12:46:22 PM,0
1,3929,6,0,7,0,0,7,0,2,0,2008,438,0,10,12/1/2016 12:46:22 PM,0
1,3930,6,0,7,0,0,7,0,2,0,2008,402,0,10,12/1/2016 12:46:22 PM,0
1,3931,6,0,7,0,0,7,0,2,0,2008,368,0,10,12/1/2016 12:46:22 PM,0
1,3932,6,0,7,0,0,7,0,2,0,2008,368,0,10,12/1/2016 12:46:22 PM,0
1,3933,6,0,7,0,0,7,0,2,0,2008,199,0,10,12/1/2016 12:46:22 PM,0
1,3934,6,0,7,0,0,7,0,2,0,2008,475,0,10,12/1/2016 12:46:22 PM,0
1,3935,6,0,7,0,0,7,0,2,0,2008,524,0,10,12/1/2016 12:46:22 PM,0
1,3936,6,0,7,0,0,7,0,2,0,2008,1980,0,10,12/1/2016 12:46:22 PM,0
1,3937,6,0,7,0,0,7,0,2,0,2008,8752,0,10,12/1/2016 12:46:22 PM,0
1,3938,6,0,7,0,0,7,0,2,0,2008,13133,0,10,12/1/2016 12:46:22 PM,0
1,3939,6,0,7,0,0,7,0,2,0,2008,1031,0,10,12/1/2016 12:46:22 PM,0
1,3940,6,0,7,0,0,7,0,2,0,2008,646,0,10,12/1/2016 12:46:22 PM,0
1,4509,6,0,7,0,0,7,0,2,0,2008,359,0,10,12/1/2016 12:46:22 PM,0
1,3942,6,0,7,0,0,7,0,2,0,2008,4,0,10,12/1/2016 12:46:22 PM,0
1,3943,6,0,7,0,0,7,0,2,0,2008,2,0,10,12/1/2016 12:46:22 PM,0
1,3944,6,0,7,0,0,7,0,2,0,2008,3,0,10,12/1/2016 12:46:22 PM,0
1,3945,6,0,7,0,0,7,0,2,0,2008,4,0,10,12/1/2016 12:46:22 PM,0
1,3946,6,0,7,0,0,7,0,2,0,2008,4,0,10,12/1/2016 12:46:22 PM,0
1,3947,6,0,7,0,0,7,0,2,0,2008,5,0,10,12/1/2016 12:46:22 PM,0
1,3948,6,0,7,0,0,7,0,2,0,2008,4,0,10,12/1/2016 12:46:22 PM,0
1,3949,6,0,7,0,0,7,0,2,0,2008,4,0,10,12/1/2016 12:46:22 PM,0
1,3950,6,0,7,0,0,7,0,2,0,2008,5,0,10,12/1/2016 12:46:22 PM,0
1,3951,6,0,7,0,0,7,0,2,0,2008,18,0,10,12/1/2016 12:46:22 PM,0
1,3952,6,0,7,0,0,7,0,2,0,2008,17,0,10,12/1/2016 12:46:22 PM,0
1,3953,6,0,7,0,0,7,0,2,0,2008,30,0,10,12/1/2016 12:46:22 PM,0
1,3954,6,0,7,0,0,7,0,2,0,2008,100,0,10,12/1/2016 12:46:22 PM,0
1,3955,6,0,7,0,0,7,0,2,0,2008,147,0,10,12/1/2016 12:46:22 PM,0
1,3956,6,0,7,0,0,7,0,2,0,2008,10,0,10,12/1/2016 12:46:22 PM,0
1,3957,6,0,7,0,0,7,0,2,0,2008,2,0,10,12/1/2016 12:46:22 PM,0
1,4510,6,0,7,0,0,7,0,2,0,2008,20,0,10,12/1/2016 12:46:22 PM,0
1,4511,6,0,7,0,0,7,0,2,0,2008,21,0,10,12/1/2016 12:46:22 PM,0
1,3960,6,0,7,0,0,7,0,2,0,2008,11,0,10,12/1/2016 12:46:22 PM,0
1,3961,6,0,7,0,0,7,0,2,0,2008,9,0,10,12/1/2016 12:46:22 PM,0
1,4512,6,0,7,0,0,7,0,2,0,2008,1210,0,10,12/1/2016 12:46:22 PM,0
1,3964,6,0,7,0,0,7,0,2,0,2008,0,0,10,12/1/2016 12:46:22 PM,0
1,3965,6,0,7,0,0,7,0,2,0,2008,33,0,10,12/1/2016 12:46:22 PM,0
1,3966,6,0,7,0,0,7,0,2,0,2008,162,0,10,12/1/2016 12:46:22 PM,0
1,3967,6,0,7,0,0,7,0,2,0,2008,1015,0,10,12/1/2016 12:46:22 PM,0
1,4531,6,0,7,0,0,7,0,2,0,2008,23177,0,10,12/1/2016 12:46:22 PM,0
1,3199,6,0,7,0,0,7,0,2,0,2008,3019,0,10,12/1/2016 12:46:22 PM,0
1,3200,6,0,7,0,0,7,0,2,0,2008,2582,0,10,12/1/2016 12:46:22 PM,0
1,3201,6,0,7,0,0,7,0,2,0,2008,3007,0,10,12/1/2016 12:46:22 PM,0
1,3202,6,0,7,0,0,7,0,2,0,2008,2676,0,10,12/1/2016 12:46:22 PM,0
1,3203,6,0,7,0,0,7,0,2,0,2008,6472,0,10,12/1/2016 12:46:22 PM,0
1,3204,6,0,7,0,0,7,0,2,0,2008,5421,0,10,12/1/2016 12:46:22 PM,0
1,3205,6,0,7,0,0,7,0,2,0,2008,120142,0,10,12/1/2016 12:46:22 PM,0
1,3385,6,0,7,0,0,7,0,2,0,2008,399,0,10,12/1/2016 12:46:22 PM,0
1,3386,6,0,7,0,0,7,0,2,0,2008,331,0,10,12/1/2016 12:46:22 PM,0
1,3387,6,0,7,0,0,7,0,2,0,2008,19,0,10,12/1/2016 12:46:22 PM,0
1,3388,6,0,7,0,0,7,0,2,0,2008,5,0,10,12/1/2016 12:46:22 PM,0
1,3206,6,0,7,0,0,7,0,2,0,2008,352572,0,10,12/1/2016 12:46:22 PM,0
1,3207,6,0,7,0,0,7,0,2,0,2008,459556,0,10,12/1/2016 12:46:22 PM,0
1,4533,6,0,7,0,0,7,0,2,0,2008,595862,0,10,12/1/2016 12:46:22 PM,0
1,164,6,0,7,0,0,7,0,2,0,2008,64276,0,10,12/1/2016 12:46:22 PM,0
1,165,6,0,7,0,0,7,0,2,0,2008,58077,0,10,12/1/2016 12:46:22 PM,0
1,166,6,0,7,0,0,7,0,2,0,2008,15568,0,10,12/1/2016 12:46:22 PM,0
1,167,6,0,7,0,0,7,0,2,0,2008,14865,0,10,12/1/2016 12:46:22 PM,0
1,168,6,0,7,0,0,7,0,2,0,2008,38171,0,10,12/1/2016 12:46:22 PM,0
1,169,6,0,7,0,0,7,0,2,0,2008,35589,0,10,12/1/2016 12:46:22 PM,0
1,170,6,0,7,0,0,7,0,2,0,2008,8488,0,10,12/1/2016 12:46:22 PM,0
1,171,6,0,7,0,0,7,0,2,0,2008,11195,0,10,12/1/2016 12:46:22 PM,0
1,172,6,0,7,0,0,7,0,2,0,2008,112060,0,10,12/1/2016 12:46:22 PM,0
1,173,6,0,7,0,0,7,0,2,0,2008,147310,0,10,12/1/2016 12:46:22 PM,0
1,174,6,0,7,0,0,7,0,2,0,2008,28625,0,10,12/1/2016 12:46:22 PM,0
1,175,6,0,7,0,0,7,0,2,0,2008,61638,0,10,12/1/2016 12:46:22 PM,0
1,177,6,0,7,0,0,7,0,2,0,2008,14495,0,10,12/1/2016 12:46:22 PM,0
1,178,6,0,7,0,0,7,0,2,0,2008,53761,0,10,12/1/2016 12:46:22 PM,0
1,179,6,0,7,0,0,7,0,2,0,2008,5317,0,10,12/1/2016 12:46:22 PM,0
1,180,6,0,7,0,0,7,0,2,0,2008,12595,0,10,12/1/2016 12:46:22 PM,0
1,4569,6,0,7,0,0,7,0,2,0,2008,282,0,10,12/1/2016 12:46:22 PM,0
1,3208,6,0,7,0,0,7,0,2,0,2008,810,0,10,12/1/2016 12:46:22 PM,0
1,4534,6,0,7,0,0,7,0,2,0,2008,909,0,10,12/1/2016 12:46:22 PM,0
1,3506,6,0,7,0,0,7,0,2,0,2008,197,0,10,12/1/2016 12:46:22 PM,0
1,3507,6,0,7,0,0,7,0,2,0,2008,635,0,10,12/1/2016 12:46:22 PM,0
1,3209,6,0,7,0,0,7,0,2,0,2008,714,0,10,12/1/2016 12:46:22 PM,0
1,140,6,0,7,0,0,7,0,2,0,2008,3498,0,10,12/1/2016 12:46:22 PM,0
1,141,6,0,7,0,0,7,0,2,0,2008,3442,0,10,12/1/2016 12:46:22 PM,0
1,142,6,0,7,0,0,7,0,2,0,2008,2176,0,10,12/1/2016 12:46:22 PM,0
1,143,6,0,7,0,0,7,0,2,0,2008,698,0,10,12/1/2016 12:46:22 PM,0
1,144,6,0,7,0,0,7,0,2,0,2008,2344,0,10,12/1/2016 12:46:22 PM,0
1,145,6,0,7,0,0,7,0,2,0,2008,3148,0,10,12/1/2016 12:46:22 PM,0
1,146,6,0,7,0,0,7,0,2,0,2008,680,0,10,12/1/2016 12:46:22 PM,0
1,147,6,0,7,0,0,7,0,2,0,2008,3656,0,10,12/1/2016 12:46:22 PM,0
1,148,6,0,7,0,0,7,0,2,0,2008,347,0,10,12/1/2016 12:46:22 PM,0
1,149,6,0,7,0,0,7,0,2,0,2008,3600,0,10,12/1/2016 12:46:22 PM,0
1,150,6,0,7,0,0,7,0,2,0,2008,2704,0,10,12/1/2016 12:46:22 PM,0
1,3210,6,0,7,0,0,7,0,2,0,2008,1868,0,10,12/1/2016 12:46:22 PM,0
1,3211,6,0,7,0,0,7,0,2,0,2008,3205,0,10,12/1/2016 12:46:22 PM,0
1,185,6,0,7,0,0,7,0,2,0,2008,4042,0,10,12/1/2016 12:46:22 PM,0
1,187,6,0,7,0,0,7,0,2,0,2008,3906,0,10,12/1/2016 12:46:22 PM,0
1,186,6,0,7,0,0,7,0,2,0,2008,3961,0,10,12/1/2016 12:46:22 PM,0
1,188,6,0,7,0,0,7,0,2,0,2008,341588,0,10,12/1/2016 12:46:22 PM,0
