1,3970,6,0,7,0,0,7,0,1,1,2009,531350,0,10,12/1/2016 12:52:31 PM,0
1,3971,6,0,7,0,0,7,0,1,1,2009,1517595,0,10,12/1/2016 12:52:31 PM,0
1,4486,6,0,7,0,0,7,0,1,1,2009,2048945,0,10,12/1/2016 12:52:31 PM,0
1,3973,6,0,7,0,0,7,0,1,1,2009,2444366,0,10,12/1/2016 12:52:31 PM,0
1,4001,6,0,7,0,0,7,0,1,1,2009,1460,0,10,12/1/2016 12:52:31 PM,0
1,4513,6,0,7,0,0,7,0,1,1,2009,3129,0,10,12/1/2016 12:52:31 PM,0
1,4007,6,0,7,0,0,7,0,1,1,2009,238,0,10,12/1/2016 12:52:31 PM,0
1,4008,6,0,7,0,0,7,0,1,1,2009,23,0,10,12/1/2016 12:52:31 PM,0
1,4009,6,0,7,0,0,7,0,1,1,2009,52,0,10,12/1/2016 12:52:31 PM,0
1,4010,6,0,7,0,0,7,0,1,1,2009,109,0,10,12/1/2016 12:52:31 PM,0
1,4011,6,0,7,0,0,7,0,1,1,2009,391,0,10,12/1/2016 12:52:31 PM,0
1,4012,6,0,7,0,0,7,0,1,1,2009,412,0,10,12/1/2016 12:52:31 PM,0
1,4013,6,0,7,0,0,7,0,1,1,2009,493,0,10,12/1/2016 12:52:31 PM,0
1,4014,6,0,7,0,0,7,0,1,1,2009,426,0,10,12/1/2016 12:52:31 PM,0
1,4015,6,0,7,0,0,7,0,1,1,2009,301,0,10,12/1/2016 12:52:31 PM,0
1,4016,6,0,7,0,0,7,0,1,1,2009,234,0,10,12/1/2016 12:52:31 PM,0
1,4017,6,0,7,0,0,7,0,1,1,2009,146,0,10,12/1/2016 12:52:31 PM,0
1,4018,6,0,7,0,0,7,0,1,1,2009,127,0,10,12/1/2016 12:52:31 PM,0
1,4019,6,0,7,0,0,7,0,1,1,2009,79,0,10,12/1/2016 12:52:31 PM,0
1,4020,6,0,7,0,0,7,0,1,1,2009,32,0,10,12/1/2016 12:52:31 PM,0
1,4021,6,0,7,0,0,7,0,1,1,2009,45,0,10,12/1/2016 12:52:31 PM,0
1,4022,6,0,7,0,0,7,0,1,1,2009,15,0,10,12/1/2016 12:52:31 PM,0
1,4023,6,0,7,0,0,7,0,1,1,2009,2,0,10,12/1/2016 12:52:31 PM,0
1,4024,6,0,7,0,0,7,0,1,1,2009,4,0,10,12/1/2016 12:52:31 PM,0
1,4514,6,0,7,0,0,7,0,1,1,2009,11454,0,10,12/1/2016 12:52:31 PM,0
1,4026,6,0,7,0,0,7,0,1,1,2009,34,0,10,12/1/2016 12:52:31 PM,0
1,4027,6,0,7,0,0,7,0,1,1,2009,37,0,10,12/1/2016 12:52:31 PM,0
1,4028,6,0,7,0,0,7,0,1,1,2009,51,0,10,12/1/2016 12:52:31 PM,0
1,4029,6,0,7,0,0,7,0,1,1,2009,52,0,10,12/1/2016 12:52:31 PM,0
1,4030,6,0,7,0,0,7,0,1,1,2009,183,0,10,12/1/2016 12:52:31 PM,0
1,4031,6,0,7,0,0,7,0,1,1,2009,135,0,10,12/1/2016 12:52:31 PM,0
1,4032,6,0,7,0,0,7,0,1,1,2009,245,0,10,12/1/2016 12:52:31 PM,0
1,4033,6,0,7,0,0,7,0,1,1,2009,138,0,10,12/1/2016 12:52:31 PM,0
1,4034,6,0,7,0,0,7,0,1,1,2009,143,0,10,12/1/2016 12:52:31 PM,0
1,4035,6,0,7,0,0,7,0,1,1,2009,124,0,10,12/1/2016 12:52:31 PM,0
1,4036,6,0,7,0,0,7,0,1,1,2009,10115,0,10,12/1/2016 12:52:31 PM,0
1,4037,6,0,7,0,0,7,0,1,1,2009,58,0,10,12/1/2016 12:52:31 PM,0
1,4038,6,0,7,0,0,7,0,1,1,2009,52,0,10,12/1/2016 12:52:31 PM,0
1,4039,6,0,7,0,0,7,0,1,1,2009,26,0,10,12/1/2016 12:52:31 PM,0
1,4040,6,0,7,0,0,7,0,1,1,2009,38,0,10,12/1/2016 12:52:31 PM,0
1,4041,6,0,7,0,0,7,0,1,1,2009,10,0,10,12/1/2016 12:52:31 PM,0
1,4042,6,0,7,0,0,7,0,1,1,2009,1,0,10,12/1/2016 12:52:31 PM,0
1,4043,6,0,7,0,0,7,0,1,1,2009,12,0,10,12/1/2016 12:52:31 PM,0
1,4515,6,0,7,0,0,7,0,1,1,2009,902,0,10,12/1/2016 12:52:31 PM,0
1,4045,6,0,7,0,0,7,0,1,1,2009,29,0,10,12/1/2016 12:52:31 PM,0
1,4046,6,0,7,0,0,7,0,1,1,2009,9,0,10,12/1/2016 12:52:31 PM,0
1,4047,6,0,7,0,0,7,0,1,1,2009,59,0,10,12/1/2016 12:52:31 PM,0
1,4048,6,0,7,0,0,7,0,1,1,2009,49,0,10,12/1/2016 12:52:31 PM,0
1,4049,6,0,7,0,0,7,0,1,1,2009,138,0,10,12/1/2016 12:52:31 PM,0
1,4050,6,0,7,0,0,7,0,1,1,2009,109,0,10,12/1/2016 12:52:31 PM,0
1,4051,6,0,7,0,0,7,0,1,1,2009,133,0,10,12/1/2016 12:52:31 PM,0
1,4052,6,0,7,0,0,7,0,1,1,2009,112,0,10,12/1/2016 12:52:31 PM,0
1,4053,6,0,7,0,0,7,0,1,1,2009,69,0,10,12/1/2016 12:52:31 PM,0
1,4054,6,0,7,0,0,7,0,1,1,2009,58,0,10,12/1/2016 12:52:31 PM,0
1,4055,6,0,7,0,0,7,0,1,1,2009,43,0,10,12/1/2016 12:52:31 PM,0
1,4056,6,0,7,0,0,7,0,1,1,2009,24,0,10,12/1/2016 12:52:31 PM,0
1,4057,6,0,7,0,0,7,0,1,1,2009,26,0,10,12/1/2016 12:52:31 PM,0
1,4058,6,0,7,0,0,7,0,1,1,2009,15,0,10,12/1/2016 12:52:31 PM,0
1,4059,6,0,7,0,0,7,0,1,1,2009,21,0,10,12/1/2016 12:52:31 PM,0
1,4060,6,0,7,0,0,7,0,1,1,2009,8,0,10,12/1/2016 12:52:31 PM,0
1,4061,6,0,7,0,0,7,0,1,1,2009,0,0,10,12/1/2016 12:52:31 PM,0
1,4062,6,0,7,0,0,7,0,1,1,2009,0,0,10,12/1/2016 12:52:31 PM,0
1,4516,6,0,7,0,0,7,0,1,1,2009,160,0,10,12/1/2016 12:52:31 PM,0
1,4064,6,0,7,0,0,7,0,1,1,2009,4,0,10,12/1/2016 12:52:31 PM,0
1,4065,6,0,7,0,0,7,0,1,1,2009,0,0,10,12/1/2016 12:52:31 PM,0
1,4066,6,0,7,0,0,7,0,1,1,2009,3,0,10,12/1/2016 12:52:31 PM,0
1,4067,6,0,7,0,0,7,0,1,1,2009,5,0,10,12/1/2016 12:52:31 PM,0
1,4068,6,0,7,0,0,7,0,1,1,2009,7,0,10,12/1/2016 12:52:31 PM,0
1,4069,6,0,7,0,0,7,0,1,1,2009,10,0,10,12/1/2016 12:52:31 PM,0
1,4070,6,0,7,0,0,7,0,1,1,2009,24,0,10,12/1/2016 12:52:31 PM,0
1,4071,6,0,7,0,0,7,0,1,1,2009,17,0,10,12/1/2016 12:52:31 PM,0
1,4072,6,0,7,0,0,7,0,1,1,2009,21,0,10,12/1/2016 12:52:31 PM,0
1,4073,6,0,7,0,0,7,0,1,1,2009,15,0,10,12/1/2016 12:52:31 PM,0
1,4074,6,0,7,0,0,7,0,1,1,2009,19,0,10,12/1/2016 12:52:31 PM,0
1,4075,6,0,7,0,0,7,0,1,1,2009,7,0,10,12/1/2016 12:52:31 PM,0
1,4076,6,0,7,0,0,7,0,1,1,2009,9,0,10,12/1/2016 12:52:31 PM,0
1,4077,6,0,7,0,0,7,0,1,1,2009,5,0,10,12/1/2016 12:52:31 PM,0
1,4078,6,0,7,0,0,7,0,1,1,2009,5,0,10,12/1/2016 12:52:31 PM,0
1,4079,6,0,7,0,0,7,0,1,1,2009,1,0,10,12/1/2016 12:52:31 PM,0
1,4080,6,0,7,0,0,7,0,1,1,2009,7,0,10,12/1/2016 12:52:31 PM,0
1,4081,6,0,7,0,0,7,0,1,1,2009,1,0,10,12/1/2016 12:52:31 PM,0
1,4083,6,0,7,0,0,7,0,1,1,2009,88,0,10,12/1/2016 12:52:31 PM,0
1,4084,6,0,7,0,0,7,0,1,1,2009,65,0,10,12/1/2016 12:52:31 PM,0
1,4085,6,0,7,0,0,7,0,1,1,2009,16,0,10,12/1/2016 12:52:31 PM,0
1,4086,6,0,7,0,0,7,0,1,1,2009,7,0,10,12/1/2016 12:52:31 PM,0
1,4087,6,0,7,0,0,7,0,1,1,2009,18,0,10,12/1/2016 12:52:31 PM,0
1,4088,6,0,7,0,0,7,0,1,1,2009,5,0,10,12/1/2016 12:52:31 PM,0
1,4089,6,0,7,0,0,7,0,1,1,2009,7,0,10,12/1/2016 12:52:31 PM,0
1,4090,6,0,7,0,0,7,0,1,1,2009,9,0,10,12/1/2016 12:52:31 PM,0
1,4464,6,0,7,0,0,7,0,1,1,2009,2921,0,10,12/1/2016 12:52:31 PM,0
1,4094,6,0,7,0,0,7,0,1,1,2009,513,0,10,12/1/2016 12:52:31 PM,0
1,4095,6,0,7,0,0,7,0,1,1,2009,2180,0,10,12/1/2016 12:52:31 PM,0
1,4096,6,0,7,0,0,7,0,1,1,2009,73,0,10,12/1/2016 12:52:31 PM,0
1,4097,6,0,7,0,0,7,0,1,1,2009,62,0,10,12/1/2016 12:52:31 PM,0
1,4098,6,0,7,0,0,7,0,1,1,2009,17,0,10,12/1/2016 12:52:31 PM,0
1,4099,6,0,7,0,0,7,0,1,1,2009,74,0,10,12/1/2016 12:52:31 PM,0
1,4100,6,0,7,0,0,7,0,1,1,2009,2,0,10,12/1/2016 12:52:31 PM,0
1,4465,6,0,7,0,0,7,0,1,1,2009,1454,0,10,12/1/2016 12:52:31 PM,0
1,4103,6,0,7,0,0,7,0,1,1,2009,1337,0,10,12/1/2016 12:52:31 PM,0
1,4104,6,0,7,0,0,7,0,1,1,2009,26,0,10,12/1/2016 12:52:31 PM,0
1,4105,6,0,7,0,0,7,0,1,1,2009,42,0,10,12/1/2016 12:52:31 PM,0
1,4106,6,0,7,0,0,7,0,1,1,2009,4,0,10,12/1/2016 12:52:31 PM,0
1,4107,6,0,7,0,0,7,0,1,1,2009,42,0,10,12/1/2016 12:52:31 PM,0
1,4108,6,0,7,0,0,7,0,1,1,2009,3,0,10,12/1/2016 12:52:31 PM,0
1,4466,6,0,7,0,0,7,0,1,1,2009,1012,0,10,12/1/2016 12:52:31 PM,0
1,4111,6,0,7,0,0,7,0,1,1,2009,937,0,10,12/1/2016 12:52:31 PM,0
1,4112,6,0,7,0,0,7,0,1,1,2009,21,0,10,12/1/2016 12:52:31 PM,0
1,4113,6,0,7,0,0,7,0,1,1,2009,18,0,10,12/1/2016 12:52:31 PM,0
1,4114,6,0,7,0,0,7,0,1,1,2009,2,0,10,12/1/2016 12:52:31 PM,0
1,4115,6,0,7,0,0,7,0,1,1,2009,34,0,10,12/1/2016 12:52:31 PM,0
1,4116,6,0,7,0,0,7,0,1,1,2009,0,0,10,12/1/2016 12:52:31 PM,0
1,4517,6,0,7,0,0,7,0,1,1,2009,3432,0,10,12/1/2016 12:52:31 PM,0
1,4120,6,0,7,0,0,7,0,1,1,2009,1768,0,10,12/1/2016 12:52:31 PM,0
1,4121,6,0,7,0,0,7,0,1,1,2009,1664,0,10,12/1/2016 12:52:31 PM,0
1,4454,6,0,7,0,0,7,0,1,1,2009,3544,0,10,12/1/2016 12:52:31 PM,0
1,4123,6,0,7,0,0,7,0,1,1,2009,1321,0,10,12/1/2016 12:52:31 PM,0
1,4440,6,0,7,0,0,7,0,1,1,2009,1200,0,10,12/1/2016 12:52:31 PM,0
1,4124,6,0,7,0,0,7,0,1,1,2009,3049,0,10,12/1/2016 12:52:31 PM,0
1,4126,6,0,7,0,0,7,0,1,1,2009,252,0,10,12/1/2016 12:52:31 PM,0
1,4127,6,0,7,0,0,7,0,1,1,2009,244,0,10,12/1/2016 12:52:31 PM,0
1,4129,6,0,7,0,0,7,0,1,1,2009,303,0,10,12/1/2016 12:52:31 PM,0
1,4518,6,0,7,0,0,7,0,1,1,2009,353,0,10,12/1/2016 12:52:31 PM,0
1,4133,6,0,7,0,0,7,0,1,1,2009,19,0,10,12/1/2016 12:52:31 PM,0
1,4134,6,0,7,0,0,7,0,1,1,2009,11,0,10,12/1/2016 12:52:31 PM,0
1,4441,6,0,7,0,0,7,0,1,1,2009,190,0,10,12/1/2016 12:52:31 PM,0
1,4442,6,0,7,0,0,7,0,1,1,2009,133,0,10,12/1/2016 12:52:31 PM,0
1,4519,6,0,7,0,0,7,0,1,1,2009,216,0,10,12/1/2016 12:52:31 PM,0
1,4135,6,0,7,0,0,7,0,1,1,2009,9,0,10,12/1/2016 12:52:31 PM,0
1,4136,6,0,7,0,0,7,0,1,1,2009,8,0,10,12/1/2016 12:52:31 PM,0
1,4455,6,0,7,0,0,7,0,1,1,2009,129,0,10,12/1/2016 12:52:31 PM,0
1,4443,6,0,7,0,0,7,0,1,1,2009,70,0,10,12/1/2016 12:52:31 PM,0
1,4520,6,0,7,0,0,7,0,1,1,2009,37,0,10,12/1/2016 12:52:31 PM,0
1,4521,6,0,7,0,0,7,0,1,1,2009,27,0,10,12/1/2016 12:52:31 PM,0
1,4139,6,0,7,0,0,7,0,1,1,2009,4,0,10,12/1/2016 12:52:31 PM,0
1,4140,6,0,7,0,0,7,0,1,1,2009,0,0,10,12/1/2016 12:52:31 PM,0
1,4141,6,0,7,0,0,7,0,1,1,2009,16,0,10,12/1/2016 12:52:31 PM,0
1,4142,6,0,7,0,0,7,0,1,1,2009,7,0,10,12/1/2016 12:52:31 PM,0
1,4522,6,0,7,0,0,7,0,1,1,2009,10,0,10,12/1/2016 12:52:31 PM,0
1,4144,6,0,7,0,0,7,0,1,1,2009,2,0,10,12/1/2016 12:52:31 PM,0
1,4145,6,0,7,0,0,7,0,1,1,2009,0,0,10,12/1/2016 12:52:31 PM,0
1,4146,6,0,7,0,0,7,0,1,1,2009,6,0,10,12/1/2016 12:52:31 PM,0
1,4147,6,0,7,0,0,7,0,1,1,2009,2,0,10,12/1/2016 12:52:31 PM,0
1,4149,6,0,7,0,0,7,0,1,1,2009,17,0,10,12/1/2016 12:52:31 PM,0
1,4150,6,0,7,0,0,7,0,1,1,2009,9,0,10,12/1/2016 12:52:31 PM,0
1,4151,6,0,7,0,0,7,0,1,1,2009,2,0,10,12/1/2016 12:52:31 PM,0
1,4152,6,0,7,0,0,7,0,1,1,2009,20,0,10,12/1/2016 12:52:31 PM,0
1,4153,6,0,7,0,0,7,0,1,1,2009,0,0,10,12/1/2016 12:52:31 PM,0
1,4154,6,0,7,0,0,7,0,1,1,2009,13,0,10,12/1/2016 12:52:31 PM,0
1,4155,6,0,7,0,0,7,0,1,1,2009,12,0,10,12/1/2016 12:52:31 PM,0
1,4156,6,0,7,0,0,7,0,1,1,2009,0,0,10,12/1/2016 12:52:31 PM,0
1,4159,6,0,7,0,0,7,0,1,1,2009,14,0,10,12/1/2016 12:52:31 PM,0
1,4158,6,0,7,0,0,7,0,1,1,2009,12,0,10,12/1/2016 12:52:31 PM,0
1,4160,6,0,7,0,0,7,0,1,1,2009,1,0,10,12/1/2016 12:52:31 PM,0
1,4161,6,0,7,0,0,7,0,1,1,2009,11,0,10,12/1/2016 12:52:31 PM,0
1,4162,6,0,7,0,0,7,0,1,1,2009,0,0,10,12/1/2016 12:52:31 PM,0
1,4163,6,0,7,0,0,7,0,1,1,2009,0,0,10,12/1/2016 12:52:31 PM,0
1,4164,6,0,7,0,0,7,0,1,1,2009,1,0,10,12/1/2016 12:52:31 PM,0
1,4468,6,0,7,0,0,7,0,1,1,2009,42,0,10,12/1/2016 12:52:31 PM,0
1,4469,6,0,7,0,0,7,0,1,1,2009,26,0,10,12/1/2016 12:52:31 PM,0
1,4168,6,0,7,0,0,7,0,1,1,2009,12,0,10,12/1/2016 12:52:31 PM,0
1,4169,6,0,7,0,0,7,0,1,1,2009,11,0,10,12/1/2016 12:52:31 PM,0
1,4170,6,0,7,0,0,7,0,1,1,2009,1,0,10,12/1/2016 12:52:31 PM,0
1,4171,6,0,7,0,0,7,0,1,1,2009,0,0,10,12/1/2016 12:52:31 PM,0
1,4172,6,0,7,0,0,7,0,1,1,2009,1,0,10,12/1/2016 12:52:31 PM,0
1,4173,6,0,7,0,0,7,0,1,1,2009,1,0,10,12/1/2016 12:52:31 PM,0
1,4470,6,0,7,0,0,7,0,1,1,2009,16,0,10,12/1/2016 12:52:31 PM,0
1,4445,6,0,7,0,0,7,0,1,1,2009,8,0,10,12/1/2016 12:52:31 PM,0
1,4446,6,0,7,0,0,7,0,1,1,2009,8,0,10,12/1/2016 12:52:31 PM,0
1,4447,6,0,7,0,0,7,0,1,1,2009,0,0,10,12/1/2016 12:52:31 PM,0
1,4448,6,0,7,0,0,7,0,1,1,2009,0,0,10,12/1/2016 12:52:31 PM,0
1,4449,6,0,7,0,0,7,0,1,1,2009,0,0,10,12/1/2016 12:52:31 PM,0
1,4450,6,0,7,0,0,7,0,1,1,2009,0,0,10,12/1/2016 12:52:31 PM,0
1,4524,6,0,7,0,0,7,0,1,1,2009,55,0,10,12/1/2016 12:52:31 PM,0
1,4179,6,0,7,0,0,7,0,1,1,2009,0,0,10,12/1/2016 12:52:31 PM,0
1,4180,6,0,7,0,0,7,0,1,1,2009,4,0,10,12/1/2016 12:52:31 PM,0
1,4181,6,0,7,0,0,7,0,1,1,2009,1,0,10,12/1/2016 12:52:31 PM,0
1,4182,6,0,7,0,0,7,0,1,1,2009,7,0,10,12/1/2016 12:52:31 PM,0
1,4183,6,0,7,0,0,7,0,1,1,2009,3,0,10,12/1/2016 12:52:31 PM,0
1,4184,6,0,7,0,0,7,0,1,1,2009,28,0,10,12/1/2016 12:52:31 PM,0
1,4185,6,0,7,0,0,7,0,1,1,2009,3,0,10,12/1/2016 12:52:31 PM,0
1,4186,6,0,7,0,0,7,0,1,1,2009,9,0,10,12/1/2016 12:52:31 PM,0
1,4525,6,0,7,0,0,7,0,1,1,2009,3,0,10,12/1/2016 12:52:31 PM,0
1,4189,6,0,7,0,0,7,0,1,1,2009,0,0,10,12/1/2016 12:52:31 PM,0
1,4190,6,0,7,0,0,7,0,1,1,2009,0,0,10,12/1/2016 12:52:31 PM,0
1,4191,6,0,7,0,0,7,0,1,1,2009,1,0,10,12/1/2016 12:52:31 PM,0
1,4192,6,0,7,0,0,7,0,1,1,2009,2,0,10,12/1/2016 12:52:31 PM,0
1,4195,6,0,7,0,0,7,0,1,1,2009,25,0,10,12/1/2016 12:52:31 PM,0
1,4196,6,0,7,0,0,7,0,1,1,2009,16,0,10,12/1/2016 12:52:31 PM,0
1,4197,6,0,7,0,0,7,0,1,1,2009,1,0,10,12/1/2016 12:52:31 PM,0
1,4198,6,0,7,0,0,7,0,1,1,2009,5,0,10,12/1/2016 12:52:31 PM,0
1,4202,6,0,7,0,0,7,0,1,1,2009,2125,0,10,12/1/2016 12:52:31 PM,0
1,4203,6,0,7,0,0,7,0,1,1,2009,1728,0,10,12/1/2016 12:52:31 PM,0
1,4204,6,0,7,0,0,7,0,1,1,2009,105,0,10,12/1/2016 12:52:31 PM,0
1,4205,6,0,7,0,0,7,0,1,1,2009,87,0,10,12/1/2016 12:52:31 PM,0
1,4206,6,0,7,0,0,7,0,1,1,2009,2020,0,10,12/1/2016 12:52:31 PM,0
1,4207,6,0,7,0,0,7,0,1,1,2009,1641,0,10,12/1/2016 12:52:31 PM,0
1,4208,6,0,7,0,0,7,0,1,1,2009,113,0,10,12/1/2016 12:52:31 PM,0
1,4209,6,0,7,0,0,7,0,1,1,2009,131,0,10,12/1/2016 12:52:31 PM,0
1,4211,6,0,7,0,0,7,0,1,1,2009,11783,0,10,12/1/2016 12:52:31 PM,0
1,4212,6,0,7,0,0,7,0,1,1,2009,17502,0,10,12/1/2016 12:52:31 PM,0
1,4213,6,0,7,0,0,7,0,1,1,2009,134,0,10,12/1/2016 12:52:31 PM,0
1,4214,6,0,7,0,0,7,0,1,1,2009,106,0,10,12/1/2016 12:52:31 PM,0
1,4215,6,0,7,0,0,7,0,1,1,2009,10581,0,10,12/1/2016 12:52:31 PM,0
1,4216,6,0,7,0,0,7,0,1,1,2009,16044,0,10,12/1/2016 12:52:31 PM,0
1,4467,6,0,7,0,0,7,0,1,1,2009,185,0,10,12/1/2016 12:52:31 PM,0
1,4526,6,0,7,0,0,7,0,1,1,2009,135,0,10,12/1/2016 12:52:31 PM,0
1,4220,6,0,7,0,0,7,0,1,1,2009,10,0,10,12/1/2016 12:52:31 PM,0
1,4221,6,0,7,0,0,7,0,1,1,2009,10,0,10,12/1/2016 12:52:31 PM,0
1,4222,6,0,7,0,0,7,0,1,1,2009,54,0,10,12/1/2016 12:52:31 PM,0
1,4223,6,0,7,0,0,7,0,1,1,2009,3,0,10,12/1/2016 12:52:31 PM,0
1,4224,6,0,7,0,0,7,0,1,1,2009,5,0,10,12/1/2016 12:52:31 PM,0
1,4225,6,0,7,0,0,7,0,1,1,2009,53,0,10,12/1/2016 12:52:31 PM,0
1,4527,6,0,7,0,0,7,0,1,1,2009,69,0,10,12/1/2016 12:52:31 PM,0
1,4227,6,0,7,0,0,7,0,1,1,2009,1,0,10,12/1/2016 12:52:31 PM,0
1,4228,6,0,7,0,0,7,0,1,1,2009,2,0,10,12/1/2016 12:52:31 PM,0
1,4229,6,0,7,0,0,7,0,1,1,2009,32,0,10,12/1/2016 12:52:31 PM,0
1,4230,6,0,7,0,0,7,0,1,1,2009,0,0,10,12/1/2016 12:52:31 PM,0
1,4231,6,0,7,0,0,7,0,1,1,2009,0,0,10,12/1/2016 12:52:31 PM,0
1,4232,6,0,7,0,0,7,0,1,1,2009,34,0,10,12/1/2016 12:52:31 PM,0
1,4235,6,0,7,0,0,7,0,1,1,2009,82,0,10,12/1/2016 12:52:31 PM,0
1,4236,6,0,7,0,0,7,0,1,1,2009,7,0,10,12/1/2016 12:52:31 PM,0
1,4237,6,0,7,0,0,7,0,1,1,2009,1,0,10,12/1/2016 12:52:31 PM,0
1,4238,6,0,7,0,0,7,0,1,1,2009,4,0,10,12/1/2016 12:52:31 PM,0
1,4239,6,0,7,0,0,7,0,1,1,2009,4,0,10,12/1/2016 12:52:31 PM,0
1,4240,6,0,7,0,0,7,0,1,1,2009,8,0,10,12/1/2016 12:52:31 PM,0
1,4241,6,0,7,0,0,7,0,1,1,2009,12,0,10,12/1/2016 12:52:31 PM,0
1,4242,6,0,7,0,0,7,0,1,1,2009,704,0,10,12/1/2016 12:52:31 PM,0
1,4243,6,0,7,0,0,7,0,1,1,2009,9,0,10,12/1/2016 12:52:31 PM,0
1,4244,6,0,7,0,0,7,0,1,1,2009,25,0,10,12/1/2016 12:52:31 PM,0
1,4245,6,0,7,0,0,7,0,1,1,2009,31,0,10,12/1/2016 12:52:31 PM,0
1,4246,6,0,7,0,0,7,0,1,1,2009,61,0,10,12/1/2016 12:52:31 PM,0
1,4247,6,0,7,0,0,7,0,1,1,2009,172,0,10,12/1/2016 12:52:31 PM,0
1,4248,6,0,7,0,0,7,0,1,1,2009,226,0,10,12/1/2016 12:52:31 PM,0
1,4249,6,0,7,0,0,7,0,1,1,2009,11,0,10,12/1/2016 12:52:31 PM,0
1,4250,6,0,7,0,0,7,0,1,1,2009,11,0,10,12/1/2016 12:52:31 PM,0
1,4529,6,0,7,0,0,7,0,1,1,2009,783,0,10,12/1/2016 12:52:31 PM,0
1,4252,6,0,7,0,0,7,0,1,1,2009,17,0,10,12/1/2016 12:52:31 PM,0
1,4253,6,0,7,0,0,7,0,1,1,2009,1,0,10,12/1/2016 12:52:31 PM,0
1,4254,6,0,7,0,0,7,0,1,1,2009,7,0,10,12/1/2016 12:52:31 PM,0
1,4255,6,0,7,0,0,7,0,1,1,2009,9,0,10,12/1/2016 12:52:31 PM,0
1,4256,6,0,7,0,0,7,0,1,1,2009,8,0,10,12/1/2016 12:52:31 PM,0
1,4257,6,0,7,0,0,7,0,1,1,2009,8,0,10,12/1/2016 12:52:31 PM,0
1,4258,6,0,7,0,0,7,0,1,1,2009,9,0,10,12/1/2016 12:52:31 PM,0
1,4259,6,0,7,0,0,7,0,1,1,2009,7,0,10,12/1/2016 12:52:31 PM,0
1,4260,6,0,7,0,0,7,0,1,1,2009,9,0,10,12/1/2016 12:52:31 PM,0
1,4261,6,0,7,0,0,7,0,1,1,2009,37,0,10,12/1/2016 12:52:31 PM,0
1,4262,6,0,7,0,0,7,0,1,1,2009,31,0,10,12/1/2016 12:52:31 PM,0
1,4263,6,0,7,0,0,7,0,1,1,2009,83,0,10,12/1/2016 12:52:31 PM,0
1,4264,6,0,7,0,0,7,0,1,1,2009,226,0,10,12/1/2016 12:52:31 PM,0
1,4265,6,0,7,0,0,7,0,1,1,2009,294,0,10,12/1/2016 12:52:31 PM,0
1,4266,6,0,7,0,0,7,0,1,1,2009,24,0,10,12/1/2016 12:52:31 PM,0
1,4267,6,0,7,0,0,7,0,1,1,2009,13,0,10,12/1/2016 12:52:31 PM,0
1,4530,6,0,7,0,0,7,0,1,1,2009,0,0,10,12/1/2016 12:52:31 PM,0
1,4270,6,0,7,0,0,7,0,1,1,2009,219,0,10,12/1/2016 12:52:31 PM,0
1,4271,6,0,7,0,0,7,0,1,1,2009,198,0,10,12/1/2016 12:52:31 PM,0
1,3974,6,0,7,0,0,7,0,1,1,2009,2571,0,10,12/1/2016 12:52:31 PM,0
1,3975,6,0,7,0,0,7,0,1,1,2009,0,0,10,12/1/2016 12:52:31 PM,0
1,3976,6,0,7,0,0,7,0,1,1,2009,0,0,10,12/1/2016 12:52:31 PM,0
1,3977,6,0,7,0,0,7,0,1,1,2009,0,0,10,12/1/2016 12:52:31 PM,0
1,3978,6,0,7,0,0,7,0,1,1,2009,2571,0,10,12/1/2016 12:52:31 PM,0
1,4532,6,0,7,0,0,7,0,1,1,2009,0,0,10,12/1/2016 12:52:31 PM,0
1,3979,6,0,7,0,0,7,0,1,1,2009,6,0,10,12/1/2016 12:52:31 PM,0
1,3980,6,0,7,0,0,7,0,1,1,2009,314,0,10,12/1/2016 12:52:31 PM,0
1,3981,6,0,7,0,0,7,0,1,1,2009,148004,0,10,12/1/2016 12:52:31 PM,0
1,4420,6,0,7,0,0,7,0,1,1,2009,895676,0,10,12/1/2016 12:52:31 PM,0
1,4419,6,0,7,0,0,7,0,1,1,2009,56117,0,10,12/1/2016 12:52:31 PM,0
1,3982,6,0,7,0,0,7,0,1,1,2009,6743,0,10,12/1/2016 12:52:31 PM,0
1,3983,6,0,7,0,0,7,0,1,1,2009,9971,0,10,12/1/2016 12:52:31 PM,0
